Directory	KS Statistic	KS P-value	Number of P-values	ENRICH_LOG
sim35_smo15_clus11	0.5378364001586856	3.28817058750479e-06	21	4.192221939715834
sim40_smo25_clus15	0.4940618127192884	9.80262437018725e-08	32	4.396872987909575
sim31_smo25_clus25	0.38554035191928837	0.00011738630440216135	31	3.933009996852785
sim40_smo21_clus31	0.5246245565153023	1.0502615358812006e-07	28	4.224132826689322
sim35_smo31_clus11	0.3735398535101768	0.00012133994059739656	33	4.377424322343156
sim35_smo41_clus25	0.30270558341440945	0.0007882601929417588	41	4.539746878528685
sim40_smo25_clus25	0.47831731793256216	7.847935501013247e-07	30	3.787611234837603
sim31_smo25_clus15	0.38228369906749593	0.0001388221768501813	31	4.24011587990566
sim35_smo15_clus21	0.5358994238476096	6.759493809871081e-06	20	4.198512387698845
sim31_smo21_clus31	0.4432973192402251	1.5648039943554852e-05	28	4.212930561510415
sim35_smo31_clus21	0.36384571450978087	0.00020154134911579545	33	4.2037787872900125
sim35_smo45_clus31	0.2935498629899199	0.0008878612069589398	43	4.416314210047527
sim35_smo41_clus15	0.26787740342669564	0.0028080614183361163	44	4.560662299022524
sim40_smo35_clus25	0.34721058406075755	0.00013451438880562124	38	4.074084811145227
sim31_smo35_clus15	0.2921556449526648	0.0022826820922919877	38	4.611721469623716
sim40_smo45_clus11	0.29423718331629	0.0010214710300961993	42	4.434787282390673
sim31_smo31_clus31	0.3662104834463773	0.00017832510994627372	33	4.153187323086866
sim31_smo45_clus21	0.2865759212529171	0.0007739778309677758	46	4.471406298301682
sim35_smo21_clus21	0.4475686387367166	1.880829354310442e-05	27	4.043928776196655
sim40_smo11_clus25	0.5514605894383502	2.1921750352885846e-05	17	4.301175119863927
sim31_smo11_clus15	0.5240375080340323	2.1909706868522435e-05	19	4.1794371954840175
sim31_smo15_clus31	0.5028955268940496	1.128113650528533e-05	22	4.054790107909252
sim40_smo35_clus15	0.3131015112696285	0.0012358368297795685	36	4.626279869491308
sim31_smo35_clus25	0.33675452178392395	0.00019010638300957897	39	4.268986087366454
sim40_smo45_clus21	0.3002641817480436	0.0006192972407983444	43	4.535225311144731
sim40_smo31_clus31	0.41571571369173005	1.1159489334538534e-05	33	4.542236498450124
sim31_smo45_clus11	0.29288374613372525	0.0007720695498664165	44	4.431611577544372
sim40_smo11_clus15	0.5620824612637969	3.4450733257332506e-06	19	4.449560673825551
sim31_smo11_clus25	0.49877835241366797	0.0001961790793835613	17	4.114359914529095
sim35_smo21_clus11	0.4891250823224883	1.768992311293883e-06	27	4.136104803239164
sim40_smo15_clus31	0.5725958668107616	2.3452013600058154e-07	22	3.9453032676918847
sim31_smo11_clus31	0.5306538539332011	2.9460941609688745e-05	18	4.216365404001196
sim35_smo25_clus21	0.42197104810814245	2.3295948669415484e-05	30	4.109614737285506
sim31_smo15_clus15	0.5228491650443152	3.989523576689562e-06	22	3.9746245295518943
sim40_smo15_clus25	0.5660886253550248	1.3975845575745829e-06	20	4.077128017949026
sim31_smo35_clus31	0.3305579125418395	0.00033506411314662753	38	4.286089673527822
sim31_smo41_clus21	0.29495486034975604	0.0006899517573470959	44	4.424587188805332
sim40_smo41_clus11	0.3283393524119842	0.0001556683573677516	42	4.564972639011812
sim31_smo31_clus15	0.3651796857507754	0.00014285171962610452	34	4.3812920872215075
sim40_smo31_clus25	0.4061036709955441	1.9730952935889377e-05	33	4.305364842245021
sim40_smo11_clus31	0.5744166549799059	3.734222761606654e-06	18	4.061515016510645
sim31_smo15_clus25	0.5019525452042222	5.923133866141634e-05	19	3.890070670362544
sim40_smo15_clus15	0.5663163848749104	3.42163068961569e-07	22	4.025191348887043
sim35_smo25_clus11	0.4227286539659575	1.0588177769687689e-05	32	4.203540056398442
sim31_smo41_clus11	0.29509537791937657	0.0009768984398652591	42	4.4999809934754715
sim40_smo41_clus21	0.31829810126314484	0.00022530439041993215	43	4.370198200008255
sim40_smo35_clus31	0.3466895934699956	0.00010816989894580533	39	4.465963781576846
sim31_smo31_clus25	0.36281907519138756	0.00016194470733104572	34	4.284997315079036
sim40_smo31_clus15	0.4299842397016995	4.651583422869849e-06	33	4.3385396027902985
sim35_smo45_clus25	0.29022362322292994	0.0010578957379395737	43	4.684443077329868
sim35_smo35_clus11	0.3168428538617819	0.0006847581845950135	38	4.521827785356955
sim40_smo25_clus31	0.4731082189178166	4.260854167321137e-07	32	4.133901563356263
sim35_smo11_clus11	0.5326274709275675	2.6970878182678897e-05	18	4.31517893987559
sim31_smo21_clus25	0.39525975363330534	0.0002579102526926081	27	4.13503786837896
sim40_smo21_clus15	0.515365786059173	1.1113977402502073e-07	29	4.071207123173569
sim35_smo45_clus15	0.2762306509520369	0.002159989285147823	43	4.5487524322018125
sim35_smo35_clus21	0.2931611371602627	0.002595304384836239	37	4.063275634176974
sim35_smo41_clus31	0.2936756919234983	0.0010516491633372205	42	4.591470485426968
sim31_smo25_clus31	0.3631985650023367	0.00035913547638453946	31	4.226715724458154
sim31_smo21_clus15	0.4332450334272687	2.7025649177481285e-05	28	4.323082981531955
sim40_smo21_clus25	0.49214927181284907	8.811038594695768e-07	28	3.989083889851768
sim35_smo11_clus21	0.5200179411923953	8.398796169050976e-05	17	4.091724485951581
sim35_smo31_clus15	0.3708747732586847	0.00024666114874250466	31	4.233949560343276
sim35_smo41_clus21	0.29963366923798396	0.0006408436710658716	43	4.651553926797902
sim35_smo35_clus31	0.3349056637101241	0.00026528742664318986	38	4.294177512995319
sim35_smo15_clus15	0.553904082619556	7.094625543386817e-07	22	4.017199949808515
sim40_smo25_clus11	0.4700754171328642	3.2830810598635665e-07	33	4.239014691585104
sim31_smo25_clus21	0.3547733202474126	0.0006959071564253128	30	4.002690834250374
sim35_smo11_clus31	0.5141171283951147	6.0692181914128266e-05	18	3.9719118149226946
sim35_smo31_clus25	0.3536867226963357	0.00043673692989547894	32	4.383181168021237
sim35_smo41_clus11	0.29487130797855143	0.0009883582412545389	42	4.630537883730728
sim40_smo25_clus21	0.47043234896403086	1.3017132670551568e-06	30	4.264824197645651
sim31_smo25_clus11	0.3734716043119404	0.00016248195409611274	32	4.252433929543893
sim35_smo15_clus25	0.5196759677019498	2.6784342041780326e-05	19	3.908285970237448
sim35_smo21_clus25	0.43510021877997496	3.6361927909921236e-05	27	4.1457161457226555
sim40_smo11_clus21	0.5674775632289275	2.6113843296354936e-06	19	4.437068514632767
sim31_smo11_clus11	0.5209752806870467	4.513992829940001e-05	18	4.270877182061964
sim40_smo35_clus21	0.3067564168404985	0.001374823165922745	37	4.42034788529684
sim40_smo41_clus31	0.31734804328908817	0.00035950147297329126	41	4.56498330317737
sim31_smo35_clus11	0.34073348251919633	0.00019297074718753295	38	4.505346693417524
sim40_smo45_clus15	0.2742852887533319	0.0023782758571221363	43	4.533064712430401
sim31_smo45_clus25	0.30873787184575596	0.00026285819165760475	45	4.418157181913181
sim40_smo11_clus11	0.5576545258166827	4.312574938630592e-06	19	4.161557851324522
sim31_smo11_clus21	0.49596863088921656	0.00012961612566393075	18	4.2362798832603445
sim35_smo21_clus15	0.4851177769198851	1.36452200475238e-06	28	4.117137122221179
sim35_smo25_clus31	0.41956856894241956	1.2766172159531778e-05	32	4.295515713849025
sim40_smo35_clus11	0.3357838586688353	0.00020067850743854095	39	4.461864732553364
sim31_smo41_clus31	0.2910713647355486	0.0012027692902034648	42	4.585826869829283
sim31_smo35_clus21	0.30517015696898153	0.0014829833646721191	37	4.169746337760413
sim40_smo45_clus25	0.3059691154124278	0.0005483779474273476	42	4.389397908461708
sim31_smo45_clus15	0.27575999213973856	0.0016224004656022473	45	4.536769412057494
sim31_smo41_clus25	0.2939303038861433	0.0010378634278466192	42	4.0032477237519215
sim40_smo41_clus15	0.29329432373660624	0.0010726167162034006	42	4.662622574953139
sim31_smo31_clus11	0.3719141125607355	0.00013225621141565666	33	4.282677401805239
sim40_smo31_clus21	0.40852130887461746	1.712119535981203e-05	33	4.229500550324549
sim40_smo45_clus31	0.29220127032703047	0.0011348848357164432	42	4.484863798107796
sim35_smo25_clus25	0.4134526910937716	3.721162899837681e-05	30	3.7830298401723637
sim31_smo15_clus11	0.516773885034974	9.750167443156442e-06	21	4.206229392414739
sim40_smo15_clus21	0.5756376798142475	4.015611527989786e-07	21	3.961132131043394
sim31_smo41_clus15	0.2708552319217007	0.0028133301222950102	43	4.369080679181555
sim40_smo41_clus25	0.3080096034366666	0.0007234548372796468	40	4.789500534688793
sim31_smo45_clus31	0.3004199637093281	0.0006140789624360377	43	4.73962123581594
sim31_smo31_clus21	0.3565087537885805	0.00038068975339316987	32	4.320017743386324
sim40_smo31_clus11	0.4390451096235376	1.7491550489525291e-06	34	4.4281072509673205
sim35_smo21_clus31	0.478251706857217	2.075458669362825e-06	28	4.136855791798459
sim31_smo15_clus21	0.49402981143806507	4.96905293481987e-05	20	3.9779211893780007
sim40_smo15_clus11	0.5739743440139264	2.15683227929599e-07	22	4.205870555588814
sim35_smo25_clus15	0.4055116739804375	4.048826518933952e-05	31	4.24011587990566
sim35_smo15_clus31	0.5395023214280834	3.009716204202012e-06	21	4.113347840474271
sim35_smo11_clus15	0.524565278510893	3.8579419843893386e-05	18	4.46173847451817
sim31_smo21_clus21	0.39550232394208107	0.00035287790706689645	26	4.2052557478094785
sim40_smo21_clus11	0.5297601261908216	7.379364672159596e-08	28	4.241896806755689
sim35_smo45_clus21	0.29813424585242965	0.00048341301615395516	45	4.615253052973288
sim35_smo31_clus31	0.36531372707547416	0.00024606435414984085	32	4.140696226493594
sim35_smo35_clus15	0.30719251076573817	0.0013463955027258612	37	4.542152119516724
sim31_smo21_clus11	0.4443109707095282	1.479668836903371e-05	28	4.209885743652632
sim40_smo21_clus21	0.4870075416449965	3.3216563644449028e-06	26	4.025153144732782
sim35_smo11_clus25	0.505669776566344	0.0001497271581305075	17	4.1200204819619355
sim35_smo45_clus11	0.26631644557714584	0.003501640678711615	43	4.406097752024179
sim35_smo35_clus25	0.3335358286381316	0.00028564411475000983	38	4.448475510914187
